PB do Slot Ind
0 0,002 0,01 0 0 0 0 
0,001 0,005 0,014 0 0 0 0 
0,001 0,008 0,033 0 0 0 0 
0 0,011 0,059 0 0 0 0 
0,002 0,045 0,127 0 0 0 0 
0,001 0,054 0,229 0 0 0 0 
0,004 0,099 0,355 0 0 0 0 
0,008 0,145 0,424 0 0 0 0 
0,01 0,21 0,705 0 0 0 0 
0 0,002 0,007 0 0 0 0 
0 0,008 0,02 0 0 0 0 
0,001 0,008 0,039 0 0 0 0 
0 0,021 0,076 0 0 0 0 
0,001 0,028 0,119 0 0 0 0 
0,002 0,047 0,224 0 0 0 0 
0,003 0,08 0,327 0 0 0 0 
0,008 0,156 0,55 0 0 0 0 
0,008 0,174 0,688 0 0 0 0 
0,001 0,002 0,009 0 0 0 0 
0,001 0,005 0,023 0 0 0 0 
0 0,005 0,031 0 0 0 0 
0 0,025 0,056 0 0 0 0 
0 0,022 0,121 0 0 0 0 
0,003 0,054 0,234 0 0 0 0 
0,007 0,086 0,347 0 0 0 0 
0,003 0,118 0,568 0 0 0 0 
0,01 0,187 0,732 0 0 0 0 
0 0 0,007 0 0 0 0 
0 0,009 0,034 0 0 0 0 
0 0,016 0,038 0 0 0 0 
0,002 0,022 0,075 0 0 0 0 
0,004 0,035 0,128 0 0 0 0 
0,002 0,058 0,202 0 0 0 0 
0,002 0,131 0,373 0 0 0 0 
0,011 0,128 0,484 0 0 0 0 
0,011 0,205 0,674 0 0 0 0 
0 0 0,011 0 0 0 0 
0 0,003 0,012 0 0 0 0 
0 0,007 0,024 0 0 0 0 
0,001 0,023 0,087 0 0 0 0 
0 0,038 0,134 0 0 0 0 
0,002 0,039 0,211 0 0 0 0 
0,002 0,106 0,404 0 0 0 0 
0,004 0,168 0,578 0 0 0 0 
0,007 0,184 0,736 0 0 0 0 
0 0 0,01 0 0 0 0 
0 0,006 0,022 0 0 0 0 
0 0,014 0,023 0 0 0 0 
0,001 0,019 0,059 0 0 0 0 
0,002 0,043 0,136 0 0 0 0 
0,005 0,065 0,236 0 0 0 0 
0,003 0,079 0,384 0 0 0 0 
0,006 0,138 0,519 0 0 0 0 
0,005 0,199 0,633 0 0 0 0 
0 0,002 0,012 0 0 0 0 
0 0,01 0,02 0 0 0 0 
0 0,01 0,046 0 0 0 0 
0 0,016 0,07 0 0 0 0 
0,003 0,033 0,128 0 0 0 0 
0,001 0,067 0,234 0 0 0 0 
0,007 0,123 0,375 0 0 0 0 
